18 0.610069 0.451736 0.189583 0.263194
18 0.609028 0.746181 0.175000 0.245139
18 0.602431 0.951736 0.154861 0.096528
18 0.364236 0.730208 0.059028 0.232639
15 0.255208 0.853125 0.028472 0.032639
15 0.245833 0.822222 0.019444 0.022222
15 0.204167 0.858681 0.023611 0.025694
15 0.206597 0.652778 0.021528 0.020833
15 0.031597 0.447222 0.031250 0.038889
16 0.035417 0.529861 0.061111 0.102778
16 0.066319 0.640972 0.046528 0.101389
16 0.021528 0.632639 0.041667 0.100000
25 0.669444 0.179167 0.138889 0.197222
