19 0.337500 0.486111 0.066667 0.120833
15 0.188889 0.225000 0.020833 0.026389
15 0.511111 0.414236 0.037500 0.042361
15 0.701389 0.641319 0.022222 0.022917
15 0.739583 0.828819 0.026389 0.024306
15 0.687847 0.861111 0.022917 0.027778
15 0.748264 0.863194 0.031250 0.033333
16 0.511111 0.500347 0.065278 0.107639
16 0.480208 0.604861 0.065972 0.105556
16 0.541319 0.618403 0.054861 0.109028
16 0.193750 0.335069 0.077778 0.161806
24 0.054167 0.841319 0.065278 0.038194
24 0.006597 0.816319 0.011806 0.015972
