3 0.830208 0.455208 0.189583 0.263194
3 0.840625 0.761458 0.193750 0.243750
3 0.831597 0.967014 0.188194 0.065972
3 0.590625 0.721875 0.059028 0.232639
0 0.476042 0.853472 0.031250 0.033333
0 0.466667 0.820486 0.022222 0.027083
0 0.424306 0.857639 0.029167 0.026389
0 0.429514 0.646875 0.024306 0.028472
1 0.255556 0.518056 0.061111 0.102778
1 0.286458 0.631250 0.054861 0.106944
1 0.228819 0.621181 0.059028 0.102083
10 0.917361 0.161111 0.165278 0.208333
0 0.255556 0.438889 0.031944 0.040278
4 0.089236 0.510764 0.064583 0.115972
