3 0.963542 0.440625 0.072917 0.290972
3 0.962847 0.765625 0.074306 0.256250
3 0.956944 0.965972 0.086111 0.068056
4 0.254167 0.497222 0.061111 0.122222
0 0.107639 0.236806 0.022222 0.026389
0 0.423611 0.421875 0.036111 0.039583
0 0.606250 0.642708 0.022222 0.022917
0 0.643403 0.825347 0.020139 0.025694
0 0.595486 0.860417 0.022917 0.026389
0 0.653125 0.859028 0.031250 0.033333
1 0.423264 0.508333 0.064583 0.105556
1 0.395139 0.611111 0.063889 0.102778
1 0.453819 0.621875 0.053472 0.103472
1 0.110417 0.344444 0.077778 0.158333
